(496901.43059620686, 6763113.1352384295),
 (497055.75058323878, 6763787.3776626717),
 (497055.75058323878, 6764686.3675616616),
 (497132.91057675472, 6765472.9837232782),
 (497364.39055730263, 6766484.3473596415),
 (497441.55055081862, 6766933.8423091369),
 (497287.2305637867, 6767495.7109960057),
 (497132.91057675472, 6768169.9534202479),
 (496901.43059620686, 6768956.5695818635),
 (496824.27060269087, 6769630.8120061066),
 (496669.95061565895, 6770417.4281677222),
 (496284.15064807911, 6771091.6705919653),
 (495898.35068049928, 6771541.1655414598),
 (495744.03069346736, 6772215.407965702),
 (495512.55071291944, 6772664.9029151974),
 (495589.71070643538, 6773563.8928141873),
 (495821.19068698329, 6774350.5089758029),
 (496129.83066104719, 6775249.4988747928),
 (495898.35068049928, 6776260.8625111571),
 (495744.03069346736, 6777047.4786727726)
(496361.31064159505, 6777721.7210970158),
 (496901.43059620686, 6778171.2160465103),
 (497595.87053785054, 6778957.8322081268),
 (498213.15048597829, 6779744.4483697424),
 (499139.07040816988, 6780081.5695818635),
 (499833.51034981356, 6780306.3170566112),
 (500527.95029145729, 6780531.0645313589),
 (501145.23023958504, 6781205.3069556011),
 (501839.67018122872, 6781654.8019050965),
 (502534.1101228724, 6782216.6705919653),
 (503151.39007100015, 6782441.4180667121),
 (503691.5100256119, 6782890.9130162075),
 (504308.78997373965, 6783340.407965702),
 (504771.74993483548, 6784014.6503899451),
 (505080.38990889932, 6785363.1352384295),
 (505311.86988944723, 6785925.0039252983),
 (505466.18987647915, 6786599.2463495405),
 (505466.18987647915, 6787385.8625111571),
 (505003.22991538339, 6788284.852410147),
 (504617.42994780355, 6789071.4685717626),
 (504540.26995428756, 6789520.963521258),
 (504771.74993483548, 6790532.3271576213),
 (505003.22991538339, 6791206.5695818635),
 (505234.70989593124, 6791993.18574348),
 (505543.34986999515, 6793341.6705919653),
 (505620.50986351108, 6794015.9130162075),
 (505851.98984405899, 6794914.9029151974),
 (505851.98984405899, 6795701.519076813),
 (505851.98984405899, 6796712.8827131772),
 (505851.98984405899, 6797387.1251374194),
 (506392.10979867075, 6797948.9938242882),
 (507163.70973383042, 6798173.741299036),
 (507472.34970789432, 6799072.7311980259),
 (507703.82968844223, 6799971.7210970158),
 (507780.98968195816, 6800870.7109960057),
 (507858.14967547415, 6801657.3271576213),
 (507703.82968844223, 6802331.5695818635),
 (507472.34970789432, 6803118.18574348),
 (507240.86972734641, 6803680.0544303488),
 (506777.90976625064, 6804241.9231172176),
 (506237.78981163882, 6804916.1655414598),
 (505697.66985702707, 6805478.0342283286),
 (504848.90992835141, 6806264.6503899451),
 (504154.46998670773, 6806826.519076813),
 (503537.19003857998, 6807051.2665515607),
 (502765.59010342031, 6807613.1352384295),
 (501993.99016826064, 6807837.8827131772),
 (501145.23023958504, 6808175.0039252983),
 (500373.63030442537, 6808624.4988747928),
 (499679.19036278164, 6808736.8726121671),
 (498984.75042113796, 6808849.2463495405),
 (498290.31047949422, 6808736.8726121671),
 (497750.19052488246, 6808624.4988747928),
 (497210.07057027071, 6808624.4988747928),
 (496747.11060917488, 6808512.1251374194),
 (496361.31064159505, 6808399.7514000461),
 (495898.35068049928, 6808175.0039252983),
 (495049.59075182362, 6807500.7615010561),
 (494586.63079072785, 6807163.640288935),
 (493815.03085556818, 6806264.6503899451),
 (492811.9509398606, 6805478.0342283286)