(496901.43059620686, 6763113.1352384295),
 (497055.75058323878, 6763787.3776626717),
 (497055.75058323878, 6764686.3675616616),
 (497132.91057675472, 6765472.9837232782),
 (497364.39055730263, 6766484.3473596415),
 (497441.55055081862, 6766933.8423091369),
 (497287.2305637867, 6767495.7109960057),
 (497132.91057675472, 6768169.9534202479),
 (496901.43059620686, 6768956.5695818635),
 (496824.27060269087, 6769630.8120061066),
 (496669.95061565895, 6770417.4281677222),
 (496284.15064807911, 6771091.6705919653),
 (495898.35068049928, 6771541.1655414598),
 (495744.03069346736, 6772215.407965702),
 (495512.55071291944, 6772664.9029151974),
 (495589.71070643538, 6773563.8928141873),
 (495821.19068698329, 6774350.5089758029),
 (496129.83066104719, 6775249.4988747928),
 (495898.35068049928, 6776260.8625111571),
 (495744.03069346736, 6777047.4786727726),
(495460.68294181029, 6777209.4883434707),
 (495205.30100900901, 6777284.3201820357),
 (494822.22810980707, 6777508.8156977315),
 (494566.84617700579, 6777733.3112134263),
 (494141.20962233696, 6778032.6385676861),
 (493715.57306766819, 6778481.6295990767),
 (493204.80920206557, 6778631.2932762066),
 (492779.1726473968, 6778855.7887919014),
 (492353.53609272797, 6779080.2843075963),
 (491757.64491619164, 6779229.9479847262),
 (491034.06277325464, 6779529.2753389869),
 (490267.91697485076, 6779678.9390161168),
 (489459.20752098004, 6779978.2663703766),
 (488437.67978977488, 6780651.752917462),
 (487799.22495777166, 6780876.2484331569),
 (487118.20647030155, 6781100.7439488517),
 (486437.18798283144, 6781175.5757874176),
 (485287.96928522567, 6781175.5757874176),
 (484521.82348682178, 6781250.4076259825),
 (484436.69617588806, 6781849.0623345021),
 (484394.13252042118, 6782672.2125587175)